# oST version 5.0 parameters

[image]

width
640

height
480

[camera]

camera matrix
525.0 0 319.5
0 525.0 239.5
0.000000 0.000000 1.000000

distortion
0.00000 0.000000 0.000000 0.000000 0

rectification
1.000000 0.000000 0.000000
0.000000 1.000000 0.000000
0.000000 0.000000 1.000000

projection
525.0 0 319.5 0
0 525.0 239.5 0
0 0 1 0
